10 0
20 3.55271e-15
30 3.55271e-15
40 7.10543e-15
50 1.77636e-14
60 1.42109e-14
70 3.55271e-15
80 7.10543e-15
90 1.42109e-14
100 2.4869e-14
110 7.10543e-15
120 3.55271e-15
130 3.55271e-15
140 7.10543e-15
150 3.19744e-14
160 3.55271e-14
170 3.55271e-15
180 1.77636e-14
190 4.9738e-14
200 3.55271e-15
210 5.68434e-14
220 3.90799e-14
230 0
240 6.39488e-14
250 3.55271e-14
260 6.39488e-14
270 6.75016e-14
280 5.32907e-14
290 7.10543e-15
300 2.84217e-14
310 3.19744e-14
320 7.10543e-15
330 1.03029e-13
340 4.26326e-14
350 3.90799e-14
360 3.90799e-14
370 1.06581e-14
380 7.10543e-15
390 9.59233e-14
400 3.90799e-14
410 1.06581e-14
420 8.52651e-14
430 7.10543e-15
440 6.75016e-14
450 1.77636e-14
460 1.06581e-14
470 1.10134e-13
480 2.13163e-14
490 7.10543e-15
500 2.13163e-14
510 7.81597e-14
520 9.23706e-14
530 8.52651e-14
540 9.9476e-14
550 2.13163e-14
560 9.59233e-14
570 6.75016e-14
580 3.90799e-14
590 8.17124e-14
600 9.23706e-14
610 6.75016e-14
620 1.49214e-13
630 8.17124e-14
640 1.3145e-13
650 7.10543e-15
660 2.13163e-14
670 5.32907e-14
680 7.10543e-14
690 1.42109e-13
700 7.81597e-14
710 5.32907e-14
720 6.75016e-14
730 3.55271e-15
740 0
750 7.10543e-15
760 7.10543e-15
770 2.52243e-13
780 9.9476e-14
790 1.35003e-13
800 5.32907e-14
810 9.23706e-14
820 2.4869e-14
830 7.10543e-15
840 9.59233e-14
850 9.59233e-14
860 1.77636e-13
870 1.1724e-13
880 7.4607e-14
890 1.24345e-13
900 1.77636e-14
910 1.03029e-13
920 1.66978e-13
930 2.41585e-13
940 1.06581e-14
950 5.68434e-14
960 2.16716e-13
970 8.88178e-14
980 3.90799e-14
990 2.13163e-14
1000 1.52767e-13
