10 1.98952e-14
20 1.77636e-14
30 3.12639e-14
40 6.07514e-14
50 8.10019e-14
60 9.52127e-14
70 5.40012e-14
80 8.33111e-14
90 1.3674e-13
100 1.18376e-13
110 2.84217e-14
120 1.28253e-13
130 9.10588e-14
140 1.16935e-13
150 8.98126e-14
160 2.27907e-13
170 6.82957e-14
180 1.5474e-14
190 3.09647e-13
200 2.58211e-13
210 3.85046e-13
220 2.11806e-13
230 2.02721e-13
240 3.62791e-13
250 1.26192e-13
260 3.29419e-13
270 3.67482e-13
280 3.33295e-13
290 3.25086e-13
300 9.17548e-14
310 3.06909e-13
320 3.39018e-13
330 6.02885e-13
340 3.22168e-13
350 5.60354e-13
360 2.98152e-13
370 2.74346e-13
380 3.60357e-13
390 4.8193e-13
400 1.43068e-13
410 1.19371e-13
420 4.78669e-13
430 4.03093e-13
440 2.81698e-13
450 2.86491e-13
460 3.32163e-13
470 7.32948e-13
480 4.94419e-13
490 4.0469e-13
500 1.63112e-13
510 4.28778e-13
520 4.60541e-13
530 1.0238e-12
540 4.65932e-13
550 4.39296e-13
560 4.30843e-13
570 4.03588e-13
580 3.14697e-13
590 5.57523e-13
600 1.05217e-12
610 1.46931e-13
620 8.44652e-13
630 4.5583e-13
640 9.30234e-13
650 4.48451e-13
660 5.70415e-13
670 2.90623e-13
680 4.81936e-13
690 7.81988e-13
700 1.57862e-13
710 2.3564e-13
720 4.7107e-13
730 5.4961e-13
740 5.04505e-13
750 1.35477e-13
760 4.65518e-13
770 1.5079e-12
780 4.8439e-13
790 6.80988e-13
800 8.32614e-13
810 2.06654e-13
820 9.99266e-14
830 2.48947e-14
840 5.03944e-13
850 1.25686e-12
860 1.08211e-12
870 1.48477e-12
880 3.14044e-13
890 8.04494e-13
900 7.88134e-13
910 5.6706e-13
920 1.10438e-12
930 1.53911e-12
940 9.51916e-13
950 9.4028e-13
960 1.43306e-12
970 4.9694e-13
980 7.88151e-13
990 1.15556e-12
1000 1.82825e-12
