10 0.04248
20 0.04248
30 0.04248
40 0.04248
50 0.04248
60 0.04248
70 0.04248
80 0.04248
90 0.04248
100 0.04248
110 0.04248
120 0.04248
130 0.04248
140 0.04248
150 0.04248
160 0.04248
170 0.04248
180 0.04248
190 0.04248
200 0.04248
210 0.04248
220 0.04248
230 0.04248
240 0.04248
250 0.04248
260 0.04248
270 0.04248
280 0.04248
290 0.04248
300 0.04248
310 0.04248
320 0.04248
330 0.04248
340 0.04248
350 0.04248
360 0.04248
370 0.04248
380 0.04248
390 0.04248
400 0.04248
410 0.04248
420 0.04248
430 0.04248
440 0.04248
450 0.04248
460 0.04248
470 0.04248
480 0.04248
490 0.04248
500 0.04248
510 0.04248
520 0.04248
530 0.04248
540 0.04248
550 0.04248
560 0.04248
570 0.04248
580 0.04248
590 0.04248
600 0.04248
610 0.04248
620 0.04248
630 0.04248
640 0.04248
650 0.04248
660 0.04248
670 0.04248
680 0.04248
690 0.04248
700 0.04248
710 0.04248
720 0.04248
730 0.04248
740 0.04248
750 0.04248
760 0.04248
770 0.04248
780 0.04248
790 0.04248
800 0.04248
810 0.04248
820 0.04248
830 0.04248
840 0.04248
850 0.04248
860 0.04248
870 0.04248
880 0.04248
890 0.04248
900 0.04248
910 0.04248
920 0.04248
930 0.04248
940 0.04248
950 0.04248
960 0.04248
970 0.04248
980 0.04248
990 0.04248
1000 0.04248
