10 2.00283e+10
20 1.25177e+09
30 2.47263e+08
40 7.82356e+07
50 3.20453e+07
60 1.5454e+07
70 8.34166e+06
80 4.88973e+06
90 3.05263e+06
100 2.00283e+06
110 1.36796e+06
120 965868
130 701245
140 521355
150 395618
160 305605
170 239796
180 190786
190 153684
200 125173
210 102984
220 85495.1
230 71565.4
240 60368.1
250 51275.2
260 43832.4
270 37681.9
280 32586.7
290 28311.1
300 24721.8
310 21689.3
320 19097.9
330 16890.5
340 14990.2
350 13345.1
360 11919.2
370 10689
380 9605.88
390 8661.12
400 7827.94
410 7090.56
420 6438.81
430 5850.06
440 5341.44
450 4879.75
460 4479.5
470 4112.12
480 3763.94
490 3473
500 3196.19
510 2949
520 2733
530 2549.12
540 2350.62
550 2193.75
560 2038.5
570 1905.25
580 1762
590 1641.12
600 1541.44
610 1440.62
620 1343.75
630 1261.62
640 1190.62
650 1120.81
660 1043.56
670 995.5
680 941.938
690 888.625
700 848.688
710 803
720 757.75
730 693.938
740 669.938
750 637
760 600.875
770 574.938
780 546.188
790 520.125
800 495.875
810 471.25
820 426
830 431.938
840 405.125
850 363.625
860 375.188
870 340.625
880 331.438
890 325.375
900 300.562
910 289.938
920 290
930 283.188
940 267.062
950 229.625
960 245.875
970 210.25
980 238.375
990 192.375
1000 212.938
