10 0.36
20 0.09
30 0.04
40 0.0225
50 0.0144
60 0.01
70 0.00734694
80 0.005625
90 0.00444444
100 0.0036
110 0.00297521
120 0.0025
130 0.00213018
140 0.00183673
150 0.0016
160 0.00140625
170 0.00124567
180 0.00111111
190 0.00099723
200 0.0009
210 0.000816327
220 0.000743802
230 0.000680529
240 0.000625
250 0.000576
260 0.000532544
270 0.000493827
280 0.000459184
290 0.000428062
300 0.0004
310 0.00037461
320 0.000351562
330 0.000330579
340 0.000311419
350 0.000293878
360 0.000277778
370 0.000262966
380 0.000249307
390 0.000236686
400 0.000225
410 0.000214158
420 0.000204082
430 0.0001947
440 0.00018595
450 0.000177778
460 0.000170132
470 0.00016297
480 0.00015625
490 0.000149938
500 0.000144
510 0.000138408
520 0.000133136
530 0.000128159
540 0.000123457
550 0.000119008
560 0.000114796
570 0.000110803
580 0.000107015
590 0.000103419
600 0.0001
610 9.67482e-05
620 9.36524e-05
630 9.07029e-05
640 8.78906e-05
650 8.52071e-05
660 8.26446e-05
670 8.0196e-05
680 7.78547e-05
690 7.56144e-05
700 7.34694e-05
710 7.14144e-05
720 6.94444e-05
730 6.75549e-05
740 6.57414e-05
750 6.4e-05
760 6.23269e-05
770 6.07185e-05
780 5.91716e-05
790 5.76831e-05
800 5.625e-05
810 5.48697e-05
820 5.35396e-05
830 5.22572e-05
840 5.10204e-05
850 4.9827e-05
860 4.8675e-05
870 4.75624e-05
880 4.64876e-05
890 4.54488e-05
900 4.44444e-05
910 4.3473e-05
920 4.25331e-05
930 4.16233e-05
940 4.07424e-05
950 3.98892e-05
960 3.90625e-05
970 3.82612e-05
980 3.74844e-05
990 3.67309e-05
1000 3.6e-05
