10 16.2
20 8.1
30 5.4
40 4.05
50 3.24
60 2.7
70 2.31429
80 2.025
90 1.8
100 1.62
110 1.47273
120 1.35
130 1.24615
140 1.15714
150 1.08
160 1.0125
170 0.952941
180 0.9
190 0.852632
200 0.81
210 0.771429
220 0.736364
230 0.704348
240 0.675
250 0.648
260 0.623077
270 0.6
280 0.578571
290 0.558621
300 0.54
310 0.522581
320 0.50625
330 0.490909
340 0.476471
350 0.462857
360 0.45
370 0.437838
380 0.426316
390 0.415385
400 0.405
410 0.395122
420 0.385714
430 0.376744
440 0.368182
450 0.36
460 0.352174
470 0.344681
480 0.3375
490 0.330612
500 0.324
510 0.317647
520 0.311538
530 0.30566
540 0.3
550 0.294545
560 0.289286
570 0.284211
580 0.27931
590 0.274576
600 0.27
610 0.265574
620 0.26129
630 0.257143
640 0.253125
650 0.249231
660 0.245455
670 0.241791
680 0.238235
690 0.234783
700 0.231429
710 0.228169
720 0.225
730 0.221918
740 0.218919
750 0.216
760 0.213158
770 0.21039
780 0.207692
790 0.205063
800 0.2025
810 0.2
820 0.197561
830 0.195181
840 0.192857
850 0.190588
860 0.188372
870 0.186207
880 0.184091
890 0.182022
900 0.18
910 0.178022
920 0.176087
930 0.174194
940 0.17234
950 0.170526
960 0.16875
970 0.16701
980 0.165306
990 0.163636
1000 0.162
