10 7130.01
20 3471.67
30 2293.69
40 1712.48
50 1366.25
60 1136.46
70 972.83
80 850.388
90 755.32
100 679.369
110 617.296
120 565.615
130 521.919
140 484.49
150 452.069
160 423.715
170 398.707
180 376.487
190 356.612
200 338.73
210 322.556
220 307.855
230 294.436
240 282.138
250 270.826
260 260.386
270 250.721
280 241.747
290 233.394
300 225.598
310 218.307
320 211.472
330 205.051
340 199.009
350 193.313
360 187.934
370 182.846
380 178.026
390 173.454
400 169.11
410 164.979
420 161.045
430 157.294
440 153.714
450 150.293
460 147.021
470 143.888
480 140.886
490 138.007
500 135.243
510 132.587
520 130.034
530 127.577
540 125.211
550 122.932
560 120.733
570 118.613
580 116.565
590 114.587
600 112.674
610 110.825
620 109.035
630 107.302
640 105.623
650 103.996
660 102.419
670 100.888
680 99.4027
690 97.9604
700 96.5592
710 95.1976
720 93.8738
730 92.5863
740 91.3336
750 90.1144
760 88.9272
770 87.7709
780 86.6443
790 85.5463
800 84.4757
810 83.4315
820 82.4129
830 81.4188
840 80.4484
850 79.5008
860 78.5753
870 77.671
880 76.7874
890 75.9236
900 75.079
910 74.253
920 73.4449
930 72.6543
940 71.8805
950 71.1229
960 70.3812
970 69.6548
980 68.9432
990 68.246
1000 67.5627
