10 1.8391e+14
20 9.77785e+13
30 6.64852e+13
40 5.03517e+13
50 4.05156e+13
60 3.38931e+13
70 2.91309e+13
80 2.55419e+13
90 2.274e+13
100 2.04921e+13
110 1.86485e+13
120 1.71093e+13
130 1.58047e+13
140 1.4685e+13
150 1.37134e+13
160 1.28625e+13
170 1.21109e+13
180 1.14423e+13
190 1.08437e+13
200 1.03046e+13
210 9.81658e+12
220 9.37267e+12
230 8.96718e+12
240 8.59532e+12
250 8.25306e+12
260 7.93703e+12
270 7.6443e+12
280 7.37239e+12
290 7.11917e+12
300 6.88276e+12
310 6.66155e+12
320 6.45411e+12
330 6.25921e+12
340 6.07573e+12
350 5.9027e+12
360 5.73925e+12
370 5.58461e+12
380 5.43809e+12
390 5.29905e+12
400 5.16695e+12
410 5.04128e+12
420 4.92157e+12
430 4.80742e+12
440 4.69844e+12
450 4.59429e+12
460 4.49466e+12
470 4.39926e+12
480 4.30783e+12
490 4.22012e+12
500 4.13591e+12
510 4.05499e+12
520 3.97718e+12
530 3.9023e+12
540 3.83019e+12
550 3.76069e+12
560 3.69367e+12
570 3.629e+12
580 3.56655e+12
590 3.50622e+12
600 3.44789e+12
610 3.39147e+12
620 3.33687e+12
630 3.284e+12
640 3.23278e+12
650 3.18313e+12
660 3.13498e+12
670 3.08827e+12
680 3.04293e+12
690 2.9989e+12
700 2.95613e+12
710 2.91456e+12
720 2.87415e+12
730 2.83483e+12
740 2.79659e+12
750 2.75935e+12
760 2.7231e+12
770 2.68779e+12
780 2.65338e+12
790 2.61984e+12
800 2.58714e+12
810 2.55524e+12
820 2.52412e+12
830 2.49375e+12
840 2.46411e+12
850 2.43516e+12
860 2.40688e+12
870 2.37925e+12
880 2.35225e+12
890 2.32585e+12
900 2.30004e+12
910 2.2748e+12
920 2.2501e+12
930 2.22594e+12
940 2.20228e+12
950 2.17913e+12
960 2.15646e+12
970 2.13425e+12
980 2.1125e+12
990 2.09118e+12
1000 2.0703e+12
