10 0.932143
20 2.84805
30 0.225096
40 0.495678
50 1.92976
60 0.637432
70 3.60428
80 3.11419
90 0.401737
100 1.5561
110 0.103609
120 2.15498
130 1.07816
140 1.08099
150 0.842037
160 1.50191
170 1.00075
180 0.209406
190 0.15744
200 1.12394
210 0.738561
220 0.344918
230 1.71699
240 0.929919
250 1.29663
260 1.53232
270 0.160913
280 0.226432
290 0.368324
300 0.039225
310 1.11208
320 0.979992
330 0.0354673
340 0.446334
350 1.03566
360 1.3535
370 0.479831
380 0.907908
390 1.85358
400 0.00175945
410 0.617448
420 0.0182854
430 0.345945
440 0.574574
450 0.523523
460 1.04638
470 0.153896
480 0.507021
490 0.84758
500 0.25942
510 0.770353
520 0.236987
530 0.625636
540 0.258143
550 1.08255
560 0.122862
570 1.28613
580 1.05065
590 0.0714725
600 0.140074
610 0.330617
620 0.176081
630 0.634246
640 0.486616
650 0.401011
660 0.375517
670 1.03361
680 0.391521
690 0.966049
700 0.457379
710 1.04434
720 0.530221
730 0.657155
740 0.746173
750 0.0401067
760 0.723995
770 0.448518
780 1.18017
790 0.29434
800 0.00194272
810 0.153949
820 0.0578593
830 0.838009
840 0.292028
850 0.275018
860 0.715735
870 0.540938
880 0.432701
890 0.217433
900 0.250438
910 0.666348
920 0.0501972
930 0.0495284
940 0.86416
950 0.801917
960 0.176593
970 0.261
980 0.249002
990 0.0226988
1000 0.177331
