10 18.1083
20 4.82067
30 3.13452
40 12.4315
50 3.08951
60 13.155
70 8.94829
80 10.981
90 4.00542
100 9.12173
110 0.529354
120 9.54976
130 3.02175
140 7.95442
150 6.15941
160 7.76821
170 3.05388
180 5.32361
190 5.36214
200 6.69841
210 0.25429
220 2.34521
230 0.24084
240 0.290282
250 6.60651
260 3.01288
270 0.502365
280 4.31256
290 0.734871
300 2.97986
310 2.18446
320 4.05627
330 1.87363
340 2.06102
350 4.06333
360 0.306479
370 3.81446
380 6.17785
390 2.72921
400 4.86069
410 4.00371
420 0.765671
430 3.97197
440 2.19411
450 3.46977
460 2.18603
470 0.344426
480 0.972143
490 1.59358
500 2.92235
510 0.143899
520 3.42573
530 3.53859
540 0.17266
550 4.77148
560 6.00722
570 1.71838
580 3.84353
590 0.516576
600 1.49441
610 2.60192
620 2.69429
630 5.5174
640 1.12656
650 2.54933
660 3.80296
670 5.12047
680 1.08114
690 0.427415
700 2.65214
710 0.0586483
720 2.3966
730 1.28626
740 3.72756
750 0.140547
760 0.844952
770 2.17452
780 2.98144
790 0.364667
800 3.97802
810 1.93987
820 0.870025
830 6.16131
840 0.321198
850 0.0803354
860 0.165981
870 0.797709
880 0.152767
890 0.738732
900 2.54932
910 1.13456
920 0.809704
930 0.517716
940 1.65212
950 0.0489323
960 0.585007
970 0.691373
980 2.18618
990 0.452699
1000 1.88351
