10 14674.4
20 4913.95
30 7804
40 889.533
50 2124.14
60 1959.82
70 5262.17
80 4813.7
90 118.211
100 2202.19
110 1836.85
120 561.763
130 1590.05
140 4147.49
150 3533.47
160 4242.91
170 913.549
180 3555.39
190 451.322
200 7026.44
210 386.567
220 5189.61
230 142.808
240 2049.91
250 1115.18
260 1745.29
270 513.067
280 874.99
290 2206.32
300 486.872
310 140.193
320 679.684
330 2396.92
340 801.019
350 267.364
360 1913.42
370 1318.25
380 99.803
390 1645.15
400 733.678
410 1539.59
420 276.974
430 1837.27
440 407.295
450 3525.84
460 246.919
470 464.676
480 3017.04
490 3200.08
500 1134.81
510 997.266
520 783.651
530 537.29
540 305.381
550 1102.93
560 22.1711
570 2291.64
580 851.19
590 926.194
600 999.017
610 24.0606
620 3405.66
630 2706.09
640 1381.42
650 1393.65
660 18.1507
670 2117.63
680 519.549
690 3130.04
700 761.339
710 790.814
720 414.68
730 521.702
740 26.0714
750 1437.94
760 460.979
770 644.785
780 786.431
790 987.59
800 3.28277
810 1285.31
820 1085.7
830 2132.6
840 154.382
850 528.797
860 143.989
870 113.113
880 636.967
890 125.042
900 1749.14
910 12.8393
920 1446.48
930 116.648
940 336.592
950 468.777
960 505.657
970 1892.35
980 672.999
990 1277.78
1000 572.766
