10 1.1884e+14
20 1.11794e+14
30 2.01369e+14
40 1.38673e+14
50 4.19108e+13
60 3.93e+13
70 1.17081e+13
80 1.02694e+14
90 4.82306e+13
100 4.64723e+13
110 1.39633e+13
120 8.09925e+13
130 1.04604e+14
140 1.20498e+13
150 3.4992e+13
160 4.27742e+13
170 2.41233e+13
180 7.75648e+13
190 3.82706e+13
200 1.31915e+13
210 1.9865e+12
220 5.66379e+13
230 4.91765e+13
240 3.18251e+13
250 4.02577e+12
260 3.1509e+13
270 7.86909e+13
280 6.59744e+13
290 2.68183e+13
300 3.53282e+12
310 4.0417e+13
320 2.58108e+13
330 8.09148e+13
340 1.6872e+13
350 1.67492e+13
360 8.27869e+12
370 4.92161e+13
380 1.07729e+13
390 2.08141e+13
400 2.55579e+13
410 7.22563e+13
420 4.26542e+13
430 2.78045e+13
440 1.43591e+13
450 1.67769e+13
460 1.02558e+13
470 1.29007e+13
480 2.16411e+12
490 5.03875e+12
500 2.9546e+13
510 2.26602e+13
520 3.69971e+13
530 9.2768e+12
540 8.56857e+12
550 8.28286e+13
560 3.79197e+13
570 2.13337e+13
580 1.7952e+13
590 4.21685e+13
600 6.25629e+13
610 1.72922e+13
620 3.99011e+13
630 2.08278e+13
640 2.44712e+13
650 1.82955e+13
660 2.98826e+13
670 5.88748e+11
680 4.84431e+13
690 2.48387e+13
700 5.69396e+13
710 2.71654e+12
720 1.28147e+13
730 4.76206e+13
740 5.57341e+13
750 4.6534e+13
760 1.59425e+13
770 2.60533e+13
780 6.27288e+13
790 4.94607e+13
800 6.64852e+12
810 2.40244e+13
820 5.04702e+12
830 1.19438e+13
840 2.58509e+13
850 4.6516e+13
860 2.03157e+13
870 4.40537e+13
880 1.1511e+13
890 5.93887e+11
900 4.96456e+13
910 4.50136e+13
920 3.43428e+13
930 1.00884e+13
940 5.64474e+13
950 2.14855e+13
960 1.82827e+13
970 1.45683e+12
980 9.80345e+12
990 4.88659e+13
1000 2.63103e+13
