10 -0.0584073
20 0.341593
30 -0.325074
40 0.141593
50 0.261593
60 -0.0584073
70 -0.00126449
80 0.0915927
90 -0.102852
100 0.0215927
110 -0.0220437
120 0.208259
130 0.00313112
140 -0.00126449
150 0.0215927
160 0.241593
170 0.0357103
180 0.00825932
190 -0.226828
200 0.221593
210 -0.0203121
220 0.21432
230 -0.09319
240 -0.0917407
250 0.149593
260 -0.073792
270 0.0304815
280 -0.186979
290 -0.0997867
300 -0.0184073
310 0.135141
320 0.191593
330 0.0264411
340 -0.0584073
350 0.0101641
360 -0.025074
370 0.0497008
380 0.0679084
390 0.0544132
400 0.0415927
410 0.0293975
420 -0.00126449
430 -0.0118957
440 0.0597745
450 0.11937
460 -0.00623343
470 0.00116712
480 -0.0334073
490 0.0395518
500 0.0375927
510 -0.0270348
520 0.0723619
530 0.00951718
540 0.0304815
550 -0.109316
560 -0.0155502
570 0.0187856
580 -0.0859936
590 -0.0380684
600 -0.0517407
610 0.0268386
620 0.0899798
630 0.0114339
640 0.0165927
650 -0.0276381
660 -0.00386189
670 -0.0882581
680 -0.0172309
690 -0.0989871
700 -0.0355502
710 0.0993391
720 0.024926
730 -0.12964
740 -0.0854344
750 0.0482593
760 0.0310663
770 0.0350991
780 0.00313112
790 -0.0685339
800 0.0115927
810 0.0502346
820 0.00988534
830 -0.0535881
840 0.0654022
850 0.0733574
860 0.0206624
870 -0.0492119
880 -0.0174983
890 0.130357
900 0.074926
910 -0.0232425
920 0.115506
930 -0.0498052
940 0.0224437
950 0.0215927
960 -0.154241
970 0.036438
980 0.0354702
990 0.0708856
1000 -0.0144073
1010 -0.0623677
1020 0.0239456
1030 -0.000154919
1040 0.0108234
1050 0.0215927
1060 -0.118785
1070 0.0350506
1080 0.0193704
1090 0.0223266
1100 -0.00386189
1110 0.0857368
1120 -0.0226931
1130 -0.00884982
1140 -0.0689337
1150 -0.0166682
1160 0.00366162
1170 -0.0208005
1180 -0.136373
1190 -0.0617687
1200 -0.00840735
1210 0.0341546
1220 -0.0157844
1230 0.0489097
1240 0.0125604
1250 -0.000807346
1260 0.04318
1270 0.0234824
1280 0.0790927
1290 0.0408175
1300 0.101593
1310 0.0270888
1320 -0.0462861
1330 0.0197881
1340 0.0162195
1350 -0.0613703
1360 -0.0495838
1370 -0.0146117
1380 -0.0497117
1390 -0.023875
1400 -0.00412163
1410 0.00967776
1420 -0.0358721
1430 -0.0416241
1440 -0.025074
1450 -0.0142694
1460 -0.0638868
1470 0.012341
1480 0.00916022
1490 0.0516598
1500 0.0882593
1510 -0.0107252
1520 0.00738213
1530 -0.0191917
1540 0.0506836
1550 -0.0351815
1560 -0.0148176
1570 0.0384079
1580 -0.0103061
1590 0.0422216
1600 -0.00340735
1610 0.0111579
1620 -0.0238394
1630 0.0201203
1640 -0.024261
1650 0.0700775
1660 0.0187011
1670 -0.0608026
1680 -0.0179312
1690 0.0362672
1700 0.00747501
1710 -0.00928454
1720 0.0369415
1730 -0.00522816
1740 0.012857
1750 -0.0401216
1760 -0.00386189
1770 0.034248
1780 0.0135028
1790 -0.0449995
1800 0.0371482
1810 0.0123109
1820 0.0558784
1830 0.0268386
1840 -0.0757987
1850 0.012944
1860 -0.00679444
1870 0.0121809
1880 0.0543586
1890 -0.0605237
1900 0.00264529
1910 -0.0458419
1920 0.0603427
1930 0.0203491
1940 0.0199432
1950 0.0051824
1960 -0.0359584
1970 0.0370241
1980 0.0224007
1990 0.00591426
2000 0.0135927
2010 -0.0186064
2020 -0.0722687
2030 -0.0367325
2040 0.0121809
2050 -0.0349927
2060 0.0328548
2070 -0.0216924
2080 -0.00456119
2090 -0.048838
2100 -0.0165026
2110 0.0344836
2120 -0.00746395
2130 0.01671
2140 0.0406581
2150 -0.024919
2160 0.074926
2170 0.059565
2180 0.0406752
2190 0.0530082
2200 0.0525017
2210 0.0375203
2220 -0.0151641
2230 0.0384536
2240 -0.0512645
2250 -0.00507401
2260 0.0336281
2270 0.0367468
2280 -0.0233196
2290 -0.00775232
2300 0.0563753
2310 -0.0133857
2320 -0.00151079
2330 -0.0635576
2340 0.0150969
2350 -0.00223713
2360 -0.00755989
2370 0.0310441
2380 0.0357103
2390 0.0018437
2400 -7.40131e-05
2410 0.0411777
2420 -0.0121264
2430 0.0518807
2440 0.0120845
2450 0.0526131
2460 0.00825932
2470 -0.0146827
2480 0.035141
2490 -0.0616202
2500 -0.0296073
2510 0.0292421
2520 -0.0425343
2530 9.06773e-05
2540 -0.0710058
2550 -0.0301721
2560 0.0681552
2570 -0.0210533
2580 -0.0273996
2590 -0.0831178
2600 -0.00302273
2610 -0.0507445
2620 -0.00802567
2630 0.00395007
2640 0.00219871
2650 -0.0251998
2660 -0.0178058
2670 0.0464616
2680 -0.00616854
2690 -0.00636274
2700 -0.0198888
2710 -0.0037948
2720 0.00629854
2730 -0.0393597
2740 0.00582623
2750 -0.078771
2760 -0.0105813
2770 -0.0251944
2780 -0.0512131
2790 -0.0153966
2800 -0.0141216
2810 -0.00146784
2820 0.0153515
2830 0.0249849
2840 0.0289166
2850 -0.0275302
2860 -0.0444213
2870 0.0210352
2880 -0.0459073
2890 -0.00719627
2900 0.00642024
2910 0.0226923
2920 -0.0310101
2930 -0.00106946
2940 0.00825932
2950 0.00532147
2960 0.0105116
2970 0.00354552
2980 0.0181027
2990 0.00045553
3000 0.026926
3010 0.061194
3020 -0.0107252
3030 -0.00164167
3040 -0.00709156
3050 -0.0203746
3060 -0.0374923
3070 -0.00368422
3080 0.00522902
3090 -0.00921641
3100 -0.0222783
3110 -0.00953275
3120 0.0326183
3130 0.0246597
3140 -0.0278341
3150 0.0584181
3160 -0.0368884
3170 -0.000363182
3180 -0.000545711
3190 0.013066
3200 0.0340927
3210 -0.0247625
3220 -0.00871791
3230 0.0196112
3240 -0.0151975
3250 -0.00671504
3260 0.0471141
3270 0.0602471
3280 -0.0181634
3290 0.026699
3300 0.0312896
3310 -0.00523514
3320 -0.0126242
3330 -0.00555449
3340 -0.00810795
3350 -0.0309447
3360 0.0130212
3370 0.00212678
3380 -0.0229044
3390 0.0171089
3400 -0.0195838
3410 -0.0501962
3420 -0.0198109
3430 0.0127297
3440 0.0218252
3450 -0.0317407
3460 0.00980075
3470 0.0188261
3480 0.0576846
3490 0.0344293
3500 -0.0424073
3510 0.0316211
3520 0.00636538
3530 -0.0198804
3540 -0.00642995
3550 0.033987
3560 -0.00222757
3570 0.052517
3580 0.0276262
3590 -0.0461511
3600 -0.0606296
3610 -0.0373547
3620 -0.0208383
3630 -0.0099225
3640 0.0196146
3650 0.0051543
3660 -0.0398281
3670 -0.0246199
3680 0.000288306
3690 -0.0182989
3700 -0.0184073
3710 0.034315
3720 0.0136357
3730 0.0070082
3740 0.018598
3750 0.0130593
3760 -0.0147903
3770 0.0243513
3780 -0.0308941
3790 0.0355241
3800 -0.0173547
3810 0.0203328
3820 -0.0228053
3830 -0.0396084
3840 0.00930099
3850 0.039255
3860 0.00998644
3870 -0.0398027
3880 0.0106648
3890 0.000204479
3900 0.0103106
3910 0.00808882
3920 0.0589396
3930 -0.00446333
3940 -0.00358501
3950 -0.0341035
3960 0.0284613
3970 -0.0130673
3980 -0.00212594
3990 -0.0032695
4000 -0.0324073
4010 -0.00753453
4020 0.0281598
4030 -0.0415339
4040 -0.0306846
4050 -0.00704932
4060 0.0450409
4070 -0.0338373
4080 -0.0113485
4090 0.0217883
4100 -0.0203586
4110 -0.0126653
4120 -0.00209667
4130 0.0258542
4140 0.0179212
4150 0.045689
4160 -0.0497535
4170 0.00969817
4180 0.0334587
4190 0.0141464
4200 0.0111165
4210 -0.0109014
4220 0.0126827
4230 0.00494963
4240 -0.00840735
4250 -0.00664264
4260 0.0120152
4270 0.00716642
4280 0.034116
4290 -0.00432809
4300 0.0132206
4310 0.00562978
4320 0.0314075
4330 0.0118005
4340 -0.0289143
4350 -0.0538096
4360 -0.0281321
4370 -0.049254
4380 -0.0191379
4390 0.0272419
4400 -0.00113462
4410 -0.00217152
4420 0.0148958
4430 0.019245
4440 0.0253764
4450 0.00721063
4460 0.0115478
4470 -0.00740064
4480 0.0290927
4490 -0.00228262
4500 -0.0717407
4510 -0.061955
4520 -0.0548675
4530 -0.00984222
4540 -0.0337377
4550 -0.0144513
4560 0.024926
4570 -0.034775
4580 -0.0313331
4590 -0.00524831
4600 0.032897
4610 0.01361
4620 0.0195147
4630 -0.00916329
4640 -0.0153039
4650 0.0138507
4660 -0.0197807
4670 0.0717854
4680 -0.00541589
4690 -0.0200278
4700 -0.0030882
4710 0.0290661
4720 0.0187113
4730 -0.0245807
4740 -0.0119938
4750 -0.0179863
4760 -0.0197519
4770 0.0338358
4780 -0.00401404
4790 0.0200895
4800 -0.0167407
4810 0.0422164
4820 0.0345387
4830 -0.0377034
4840 0.00605546
4850 0.00262358
4860 -0.00326331
4870 0.016336
4880 -0.000210625
4890 0.00621433
4900 0.00853143
4910 -0.0233768
4920 -0.025887
4930 0.014615
4940 0.0152769
4950 0.0393704
4960 0.000463621
4970 0.00356448
4980 -0.0222628
4990 -0.012716
5000 -0.00720735
5010 -0.0152936
5020 0.000556797
5030 -0.0281887
5040 -0.0107883
5050 0.000998594
5060 0.00562427
5070 -0.0260602
5080 -0.0119507
5090 -0.0175429
5100 -0.00507401
5110 -0.0333584
5120 0.0337802
5130 -0.010844
5140 -0.00315443
5150 -0.0125821
5160 -0.00491897
5170 0.0352097
5180 -0.0074421
5190 -0.00676958
5200 -0.0222535
5210 -0.0330715
5220 0.0488723
5230 0.0020133
5240 -0.0156593
5250 -0.0126931
5260 0.00242916
5270 0.0129399
5280 0.00295629
5290 0.0368668
5300 -0.013879
5310 -0.0169761
5320 -0.00727953
5330 -0.0388952
5340 0.0247387
5350 0.00888237
5360 0.00801056
5370 0.0242742
5380 0.0189161
5390 0.0239674
5400 -0.000629569
5410 0.00665735
5420 0.0065373
5430 -0.00905191
5440 -0.0282603
5450 -0.00189358
5460 0.0375633
5470 0.0088687
5480 0.0372131
5490 -0.00011955
5500 -0.00604371
5510 0.00184674
5520 -0.0243494
5530 0.0226053
5540 -0.012198
5550 -0.0202091
5560 -0.00229224
5570 0.0284867
5580 0.0225962
5590 -0.0347938
5600 0.0244498
5610 0.000772689
5620 -0.0185497
5630 -0.0100947
5640 -0.0456414
5650 0.0201767
5660 -0.0202448
5670 0.0262487
5680 -0.0161538
5690 0.0175153
5700 0.0251014
5710 0.0438694
5720 -0.0164493
5730 -0.0437477
5740 -0.019383
5750 -0.025016
5760 0.00409265
5770 0.0102235
5780 0.0149491
5790 -0.0211016
5800 -0.0128901
5810 0.0283396
5820 0.00963389
5830 -0.0247881
5840 -0.00429776
5850 0.0345841
5860 -0.0297384
5870 -0.0147958
5880 -0.0141897
5890 -0.0285262
5900 0.0182028
5910 0.0519141
5920 0.00375482
5930 -0.0523365
5940 -0.0146363
5950 -0.00193676
5960 0.014747
5970 0.00859433
5980 -0.00957791
5990 -0.00164608
6000 0.0182593
6010 0.00282393
6020 0.0731541
6030 0.00792765
6040 -0.0160232
6050 0.0182869
6060 0.0313616
6070 -0.0280943
6080 0.014619
6090 0.0125286
6100 0.0196254
6110 -0.00734352
6120 0.0245992
6130 0.00293034
6140 0.0132539
6150 -0.00702523
6160 0.0428914
6170 0.00188439
6180 0.00243408
6190 0.00556681
6200 -0.00163315
6210 0.00149604
6220 -0.00631731
6230 0.0366167
6240 0.00825932
6250 0.00495265
6260 -0.0207077
6270 -0.00545679
6280 0.0148411
6290 0.0102731
6300 0.0139736
6310 0.020832
6320 -0.0337238
6330 -0.0419776
6340 0.0217188
6350 0.0127738
6360 -0.0194136
6370 -0.0188469
6380 0.0256052
6390 0.00481644
6400 -0.0384073
6410 0.00961137
6420 -0.0197781
6430 -0.0210823
6440 0.00743116
6450 0.00918955
6460 0.0177536
6470 0.0213454
6480 -0.029395
6490 0.00692393
6500 0.0185157
6510 0.00119327
6520 0.0360712
6530 -0.0161409
6540 0.0155988
6550 -0.00772032
6560 0.00439753
6570 0.00308428
6580 -0.0176779
6590 0.054491
6600 -0.0141649
6610 -0.0293604
6620 -0.00704783
6630 -0.0119518
6640 0.0506288
6650 0.0161791
6660 0.0100611
6670 -0.00383463
6680 -0.0182876
6690 -0.00758522
6700 0.0072643
6710 0.0190889
6720 -0.025074
6730 0.0307457
6740 0.0163701
6750 -0.00270364
6760 0.0356755
6770 -0.00818578
6780 -0.0176994
6790 -0.00715551
6800 0.0368868
6810 0.00561615
6820 0.00317623
6830 0.0288547
6840 0.0187856
6850 -0.00118107
6860 0.00923114
6870 0.0423205
6880 0.0194996
6890 -0.0195104
6900 0.016955
6910 -0.0699848
6920 -0.0156328
6930 -0.0104997
6940 0.017097
6950 -0.0273282
6960 -0.0101315
6970 -0.0027402
6980 0.00692217
6990 -0.00862194
7000 -0.0229788
7010 -0.0327297
7020 0.00768952
7030 0.0201133
7040 -0.0362483
7050 -0.0175563
7060 0.00504874
7070 0.0128798
7080 0.0184288
7090 0.00252354
7100 -0.0026327
7110 0.00741544
7120 -0.0168343
7130 -0.0191367
7140 0.00153663
7150 -0.0080577
7160 0.0304195
7170 0.00407522
7180 0.0129018
7190 0.0222602
7200 -0.00229624
7210 -0.000709704
7220 0.00807465
7230 0.0561155
7240 0.0255706
7250 0.0375927
7260 -0.0192889
7270 0.00816762
7280 0.00972452
7290 -0.00737854
7300 -0.0129279
7310 0.00342576
7320 0.00607353
7330 0.0130797
7340 0.000993199
7350 -0.0393597
7360 -0.0214508
7370 -0.00684697
7380 0.0066333
7390 -0.0145643
7400 0.0253764
7410 -0.0179215
7420 0.0159862
7430 0.0126559
7440 -0.0213106
7450 -0.0181389
7460 -0.0283805
7470 -0.0112855
7480 0.00362474
7490 -0.00393472
7500 0.00239265
7510 -0.0216563
7520 0.0213799
7530 -0.00688012
7540 -0.0233941
7550 0.00304961
7560 0.00296831
7570 -0.00556719
7580 0.00227867
7590 -0.0104495
7600 0.0236979
7610 -0.000588687
7620 -0.03741
7630 0.0223266
7640 -0.00395708
7650 0.0184554
7660 -0.0077546
7670 0.0156474
7680 0.0290927
7690 0.00505169
7700 0.00496928
7710 0.026677
7720 0.0110227
7730 0.00420585
7740 0.000507382
7750 -0.0351815
7760 0.00757204
7770 -0.0311229
7780 -0.0440115
7790 -0.00243816
7800 0.0226183
7810 0.00356448
7820 0.0218996
7830 0.00187362
7840 -0.00585633
7850 0.00783469
7860 -0.0105702
7870 -0.00707317
7880 0.0324556
7890 0.0105407
7900 -0.0361289
7910 -0.0265489
7920 -0.00537704
7930 -0.0346999
7940 0.00355739
7950 -0.00758974
7960 -0.0111712
7970 0.00533167
7980 0.0197881
7990 -0.00333851
8000 0.0260927
8010 -0.00247726
8020 -0.0185071
8030 -0.00709975
8040 0.00676678
8050 -0.0211403
8060 -0.00381678
8070 -0.00784973
8080 -0.0039519
8090 0.000430725
8100 0.0571482
8110 -0.00366012
8120 -0.0362399
8130 0.00998134
8140 0.0280791
8150 -0.013254
8160 0.00237697
8170 0.027272
8180 0.0261892
8190 -0.0076137
8200 -0.004261
8210 0.0122382
8220 -0.015585
8230 -0.0112628
8240 -0.01132
8250 -0.00361947
8260 0.00842074
8270 0.0107583
8280 -0.0110644
8290 -0.011604
8300 -0.0415399
8310 -0.00305235
8320 -0.0151381
8330 0.00305724
8340 -0.0114049
8350 0.0239879
8360 -0.0206083
8370 -0.0163524
8380 0.0155783
8390 0.00118741
8400 0.00111646
8410 0.0205463
8420 0.0185523
8430 0.0113435
8440 0.00889123
8450 -0.00680971
8460 0.011569
8470 -0.0135431
8480 0.0137625
8490 0.0216869
8500 -0.0132309
8510 -0.0189244
8520 -0.0053557
8530 0.0588259
8540 -0.00501156
8550 0.0272067
8560 0.00467677
8570 0.0125378
8580 0.0334341
8590 0.0142353
8600 -0.00352363
8610 0.0112791
8620 0.0218711
8630 -0.0217909
8640 0.0193704
8650 0.0276042
8660 0.0279668
8670 0.0223308
8680 -0.00356864
8690 -0.00961563
8700 -0.0124303
8710 -0.00834994
8720 -0.0157468
8730 -0.00525729
8740 0.00703888
8750 0.0147355
8760 0.0164785
8770 -0.0264803
8780 0.00172933
8790 -0.0042549
8800 0.0420472
8810 -0.0161826
8820 0.0273069
8830 -0.0475353
8840 -0.0276381
8850 0.00396553
8860 0.0205994
8870 0.0182556
8880 -0.0088578
8890 -0.0201621
8900 -0.0134635
8910 -0.00184169
8920 0.0146868
8930 0.0128133
8940 0.0203399
8950 0.00371556
8960 -0.00260377
8970 0.00268518
8980 0.00395346
8990 -0.00234505
9000 -0.0259629
9010 0.0188402
9020 0.00367691
9030 -0.00126449
9040 0.0132741
9050 -0.0239322
9060 -0.0314758
9070 -0.016952
9080 -0.00334127
9090 0.00451895
9100 0.00928496
9110 -0.0404052
9120 -0.0141091
9130 0.0138818
9140 -0.00720385
9150 0.0172211
9160 0.0241254
9170 -0.0147868
9180 -0.00306966
9190 0.0164566
9200 -0.0144943
9210 0.0249803
9220 0.00753625
9230 -0.0293716
9240 0.000467112
9250 0.0164035
9260 0.00163585
9270 -0.00274392
9280 0.00236852
9290 0.0246928
9300 -0.00808477
9310 -0.0051313
9320 0.00468278
9330 -0.00653168
9340 -0.0117264
9350 -0.0156266
9360 0.000139662
9370 -0.00419176
9380 0.0213368
9390 0.0361613
9400 0.0101033
9410 -0.0116486
9420 -0.000233249
9430 -0.000294939
9440 -0.0312887
9450 0.000428632
9460 0.0075546
9470 -0.00391949
9480 -0.0136816
9490 -0.0175222
9500 -0.00661787
9510 -0.0218143
9520 -0.00252499
9530 0.0137857
9540 0.0179029
9550 0.0266188
9560 -0.00275881
9570 0.0247692
9580 -0.0245869
9590 -0.0133604
9600 0.023676
9610 -0.018449
9620 -0.0251433
9630 0.00389795
9640 -0.00114594
9650 -0.00452134
9660 -0.00167857
9670 0.00943133
9680 -0.0303082
9690 0.0286928
9700 0.028603
9710 -0.0200963
9720 0.00167496
9730 -0.032097
9740 -0.0165182
9750 0.0133875
9760 0.00675659
9770 0.0169253
9780 0.0225742
9790 0.0085998
9800 -0.017591
9810 0.0145794
9820 -0.0237841
9830 0.00629255
9840 -0.0177569
9850 0.000881994
9860 -0.00729173
9870 0.0230516
9880 0.00434569
9890 0.00509114
9900 -0.00224573
9910 -0.0144114
9920 -0.00356864
9930 -0.0044295
9940 0.00839346
9950 0.0316429
9960 -0.0166403
9970 -0.0174846
9980 0.0169434
9990 -0.0279769
