10 2.13163e-15
20 8.52651e-15
30 6.39488e-15
40 7.99361e-15
50 1.7053e-15
60 7.81597e-15
70 9.13555e-16
80 6.12843e-15
90 2.84217e-15
100 2.34479e-15
110 8.13894e-15
120 8.88178e-15
130 8.0346e-15
140 5.48133e-15
150 5.40012e-15
160 5.19584e-15
170 2.38241e-15
180 1.89478e-15
190 5.83393e-15
200 2.66454e-15
210 1.22822e-14
220 7.84827e-15
230 1.37166e-14
240 1.49214e-14
250 3.24007e-15
260 1.31177e-14
270 7.89492e-16
280 4.26326e-15
290 1.76411e-15
300 7.31859e-15
310 3.71316e-15
320 3.86358e-15
330 2.04765e-14
340 1.88085e-15
350 2.43615e-15
360 3.19744e-15
370 8.23845e-15
380 4.03887e-15
390 1.31724e-14
400 1.35358e-14
410 1.76769e-15
420 3.55271e-15
430 3.47009e-15
440 1.02221e-14
450 1.44003e-14
460 1.35312e-14
470 6.16812e-15
480 7.54952e-15
490 3.08869e-15
500 3.83693e-15
510 5.05739e-15
520 8.44453e-15
530 1.04973e-14
540 6.71068e-15
550 6.89872e-15
560 2.13163e-15
570 1.64547e-15
580 3.93249e-15
590 7.08134e-15
600 2.27374e-15
610 1.34188e-14
620 8.76718e-15
630 1.85418e-14
640 6.99441e-16
650 8.6249e-15
660 4.78001e-15
670 1.04991e-14
680 1.59872e-15
690 3.46003e-15
700 1.73575e-15
710 1.53717e-14
720 2.36848e-15
730 1.19722e-14
740 1.04853e-14
750 3.29692e-15
760 1.14996e-15
770 5.81353e-15
780 6.5042e-15
790 2.53637e-15
800 3.06422e-15
810 9.73707e-15
820 1.7053e-14
830 1.79776e-15
840 2.00475e-15
850 8.27573e-15
860 1.88376e-15
870 1.96012e-16
880 1.0319e-14
890 9.58035e-16
900 1.08002e-14
910 5.6453e-15
920 7.4607e-15
930 1.90242e-15
940 5.75993e-15
950 1.95212e-15
960 1.96732e-14
970 8.70232e-15
980 1.16152e-14
990 4.02641e-15
1000 1.19371e-15
