10 373.22
20 93.2732
30 41.4311
40 23.2864
50 14.888
60 10.3259
70 7.57512
80 5.78975
90 4.5657
100 3.69015
110 3.04233
120 2.54962
130 2.16617
140 1.86192
150 1.61646
160 1.41558
170 1.24909
180 1.10956
190 0.991488
200 0.890676
210 0.80392
220 0.728724
230 0.66312
240 0.605545
250 0.55474
260 0.509684
270 0.46954
280 0.43362
290 0.401352
300 0.372256
310 0.345931
320 0.322034
330 0.300277
340 0.280411
350 0.262224
360 0.245531
370 0.230173
380 0.216012
390 0.202926
400 0.190809
410 0.179568
420 0.16912
430 0.159393
440 0.150321
450 0.141847
460 0.13392
470 0.126494
480 0.119526
490 0.112981
500 0.106825
510 0.101027
520 0.0955609
530 0.0904009
540 0.085525
550 0.0809126
560 0.076545
570 0.0724054
580 0.068478
590 0.0647485
600 0.061204
610 0.0578324
620 0.0546226
630 0.0515645
640 0.0486486
650 0.0458662
660 0.0432093
670 0.0406705
680 0.0382429
690 0.03592
700 0.033696
710 0.0315653
720 0.0295228
730 0.0275636
740 0.0256834
750 0.0238778
760 0.022143
770 0.0204754
780 0.0188715
790 0.0173281
800 0.0158423
810 0.0144111
820 0.013032
830 0.0117024
840 0.01042
850 0.00918264
860 0.00798817
870 0.00683465
880 0.00572023
890 0.00464316
900 0.0036018
910 0.00259457
920 0.00162002
930 0.00067673
940 0.000236615
950 0.00112127
960 0.00197842
970 0.0028092
980 0.00361468
990 0.00439587
1000 0.00515374
