10 2.33537e+13
20 5.85343e+12
30 2.60276e+12
40 1.4643e+12
50 9.37222e+11
60 6.50876e+11
70 4.78207e+11
80 3.66133e+11
90 2.89294e+11
100 2.3433e+11
110 1.93662e+11
120 1.62731e+11
130 1.38659e+11
140 1.19558e+11
150 1.04148e+11
160 9.15369e+10
170 8.10847e+10
180 7.23257e+10
190 6.49129e+10
200 5.85839e+10
210 5.31374e+10
220 4.84165e+10
230 4.42979e+10
240 4.06834e+10
250 3.74938e+10
260 3.46652e+10
270 3.21449e+10
280 2.98899e+10
290 2.78641e+10
300 2.60374e+10
310 2.43847e+10
320 2.28845e+10
330 2.15185e+10
340 2.02714e+10
350 1.91296e+10
360 1.80816e+10
370 1.71174e+10
380 1.62283e+10
390 1.54068e+10
400 1.46461e+10
410 1.39403e+10
420 1.32844e+10
430 1.26737e+10
440 1.21042e+10
450 1.15722e+10
460 1.10745e+10
470 1.06083e+10
480 1.01709e+10
490 9.75999e+09
500 9.37349e+09
510 9.00951e+09
520 8.66632e+09
530 8.34238e+09
540 8.03626e+09
550 7.74669e+09
560 7.47249e+09
570 7.2126e+09
580 6.96604e+09
590 6.7319e+09
600 6.50937e+09
610 6.2977e+09
620 6.09619e+09
630 5.90419e+09
640 5.72113e+09
650 5.54645e+09
660 5.37965e+09
670 5.22026e+09
680 5.06785e+09
690 4.92202e+09
700 4.7824e+09
710 4.64863e+09
720 4.5204e+09
730 4.3974e+09
740 4.27936e+09
750 4.166e+09
760 4.05709e+09
770 3.9524e+09
780 3.8517e+09
790 3.75481e+09
800 3.66152e+09
810 3.57167e+09
820 3.48509e+09
830 3.40162e+09
840 3.32111e+09
850 3.24343e+09
860 3.16844e+09
870 3.09602e+09
880 3.02605e+09
890 2.95843e+09
900 2.89306e+09
910 2.82982e+09
920 2.76864e+09
930 2.70942e+09
940 2.65208e+09
950 2.59654e+09
960 2.54273e+09
970 2.49057e+09
980 2.44e+09
990 2.39096e+09
1000 2.34338e+09
